>> di=(256*2.038197427064-2.038197426156)/255

di =

    2.0382

>> format long
>> di=(256*2.038197427064-2.038197426156)/255

di =

   2.038197427067561

>> gao=(256*2.038197426156-2.038197162776)/255

gao =

   2.038197427188863

>> (256*4*di-gao)/(256*4-1)

ans =

   2.038197427067442

>> 